1000 8
705 760 7
135 220 9
1000 1098 8
820 827 11
373 462 8
363 372 10
485 505 7
972 1026 8
481 529 7
485 548 7
321 394 8
193 195 7
840 938 8
969 973 7
275 322 10
448 466 12
942 945 8
673 697 10
836 912 10
75 104 11
636 690 8
91 155 7
432 496 12
627 723 8
187 253 11
810 850 8
645 743 10
457 539 10
651 723 7
338 397 8
234 289 7
934 955 12
79 144 12
438 484 8
385 412 11
67 81 10
900 987 9
742 766 12
355 377 12
702 733 8
80 164 8
378 438 12
763 774 11
103 190 7
62 161 11
938 976 11
41 124 8
990 1023 7
546 563 9
307 376 9
300 360 8
110 153 12
347 434 10
436 494 7
508 554 7
938 986 8
865 894 9
251 258 10
256 313 11
340 388 11
298 378 7
556 562 10
406 415 9
833 840 12
52 81 9
408 428 7
979 1062 8
994 1056 9
304 383 9
897 903 7
825 843 11
738 806 10
621 692 7
816 830 12
392 477 8
714 804 10
609 703 9
750 799 12
21 74 7
445 507 8
529 580 12
790 870 9
693 706 10
322 362 9
432 440 10
883 978 10
314 333 8
298 310 9
763 812 9
672 719 12
378 420 8
680 742 10
409 435 8
585 622 7
539 599 8
634 709 10
245 310 8
664 728 10
412 481 11
503 524 9
920 936 7
491 555 10
464 507 8
477 494 12
326 337 8
584 676 10
942 994 8
419 448 7
137 154 11
277 369 11
519 580 11
204 281 12
339 357 8
791 874 10
259 347 11
578 677 10
134 156 10
211 248 10
955 1008 8
237 265 12
488 505 11
309 353 12
440 535 9
306 372 11
829 850 12
62 79 7
830 868 7
33 104 10
903 954 9
832 852 11
683 731 12
69 136 7
175 250 7
871 902 12
595 682 8
640 673 11
889 964 12
807 884 12
967 978 8
476 505 9
617 698 8
369 381 10
157 189 12
967 1008 11
167 182 12
334 337 7
13 96 7
826 867 11
437 532 9
573 602 12
69 98 10
624 712 9
963 1018 11
893 941 8
161 166 7
566 590 9
817 885 12
896 968 10
142 169 10
739 807 8
95 123 9
965 1002 12
584 681 7
89 92 7
762 785 12
847 929 8
870 931 11
157 198 9
551 608 10
427 485 12
288 388 9
303 350 10
119 219 7
435 445 12
363 393 10
737 812 7
798 808 10
634 730 11
581 635 7
430 458 7
47 62 10
482 487 10
587 662 9
623 625 11
675 719 10
690 708 11
57 134 11
768 800 9
865 959 10
586 659 9
969 1014 11
629 729 11
579 658 8
505 565 10
761 808 9
750 776 9
378 396 7
315 365 10
441 520 9
915 1001 8
847 924 11
456 510 12
715 730 7
860 917 11
812 818 11
950 963 11
948 985 12
445 477 12
880 926 10
875 930 9
912 921 8
683 687 8
737 776 11
799 803 10
532 557 7
385 460 9
382 434 9
22 32 12
739 764 7
884 960 7
113 145 7
252 332 7
516 610 10
17 44 10
237 318 7
324 421 12
485 520 8
234 266 8
173 228 9
555 565 8
885 907 10
890 918 7
187 240 9
692 777 10
168 219 11
454 461 12
325 373 12
843 911 12
612 686 8
394 455 12
529 600 10
606 706 10
9 70 12
874 934 7
972 1007 8
128 147 12
93 181 9
998 1013 10
988 1057 8
260 332 11
159 229 7
914 925 8
151 196 11
169 249 12
664 743 10
40 59 12
328 356 9
941 1039 12
777 802 12
338 386 9
372 443 8
165 220 10
396 422 7
321 365 7
735 777 11
627 686 11
673 708 8
380 438 11
102 115 7
396 416 7
89 146 9
896 983 8
142 234 9
1000 1007 9
48 79 11
249 258 11
625 680 7
965 1059 7
916 1003 8
437 480 7
126 170 9
629 722 10
470 537 8
817 867 9
980 1068 9
529 557 12
305 362 8
570 622 11
359 444 7
390 396 10
841 937 8
165 188 11
808 857 10
956 1038 10
409 470 10
808 820 7
259 320 7
9 49 8
623 647 8
375 447 10
420 511 7
971 1038 7
285 299 10
55 111 11
958 985 9
583 610 10
574 631 11
384 424 9
388 451 11
854 865 7
689 730 9
24 75 9
518 544 10
73 132 11
569 638 8
500 536 12
98 186 7
270 287 7
350 425 11
158 185 9
828 883 10
351 415 7
238 257 7
663 743 11
585 593 10
238 262 7
384 406 10
296 323 7
143 185 8
477 517 7
274 291 11
463 506 7
470 480 8
47 136 12
530 623 10
812 835 11
975 1011 7
750 811 11
793 802 11
46 138 10
514 548 12
559 606 10
349 376 8
112 122 11
135 188 9
499 527 9
161 198 10
653 660 9
61 71 12
737 776 9
902 934 11
658 688 8
903 964 9
181 206 10
437 440 10
905 949 9
21 121 9
47 88 11
566 595 12
374 387 12
298 390 7
727 764 8
958 995 12
164 174 7
909 961 9
479 547 10
793 850 8
751 848 12
935 975 9
149 227 7
528 529 9
788 809 10
998 1077 7
967 977 12
173 233 12
506 525 12
583 618 12
739 837 11
231 280 9
186 273 10
277 332 12
31 40 9
189 245 8
766 806 12
966 992 11
849 910 7
673 717 7
894 952 8
433 441 8
385 438 11
821 850 9
117 210 11
663 672 12
471 501 7
160 200 11
756 835 11
310 329 9
67 108 8
744 834 9
34 64 7
429 500 7
724 802 12
441 465 8
96 178 11
870 921 8
817 837 10
926 967 9
152 166 9
596 639 11
576 589 12
189 205 12
811 898 11
924 945 7
184 210 12
849 944 10
777 791 11
464 543 9
759 824 12
497 548 11
326 335 12
997 1061 10
979 1070 11
310 345 8
206 210 7
551 601 10
935 1019 11
116 185 12
497 557 10
615 655 10
739 827 10
804 831 9
496 555 12
983 1016 12
60 63 9
719 771 10
388 417 10
936 959 9
885 933 7
444 510 11
826 875 11
70 99 11
599 674 10
620 641 7
747 799 9
27 47 12
278 293 11
698 744 12
388 434 8
415 455 8
267 268 8
764 837 12
646 725 9
750 814 11
86 111 7
788 875 7
632 664 11
810 831 12
257 315 12
461 521 10
240 329 12
439 444 11
697 790 11
965 1041 11
636 658 12
552 649 10
388 466 12
207 218 10
974 997 10
734 787 8
911 1003 12
946 974 8
828 911 9
833 839 11
320 399 10
712 780 12
272 292 10
749 793 11
511 574 9
916 943 11
888 984 10
505 599 9
207 253 12
950 995 11
690 716 8
817 877 7
796 837 9
599 662 10
141 192 11
644 698 12
5 84 9
275 343 10
686 728 12
526 623 11
272 283 11
376 387 9
7 36 7
906 974 9
355 440 9
579 624 8
935 1015 7
73 155 9
810 879 12
385 432 8
447 462 10
546 611 12
33 111 8
211 249 11
139 233 10
879 931 9
830 852 10
930 982 8
309 370 10
438 514 12
158 209 7
170 209 10
229 268 8
80 148 9
618 640 11
826 909 10
593 637 10
959 963 9
951 959 9
443 448 11
67 102 10
824 855 7
384 450 8
292 311 10
128 204 7
869 917 7
239 295 10
338 394 7
520 540 9
920 926 9
11 93 11
249 345 8
558 569 7
194 286 10
276 352 7
654 707 8
96 182 10
882 958 12
833 866 9
739 785 11
184 204 10
907 978 10
135 211 7
538 603 9
780 825 7
604 634 8
596 656 7
287 328 8
42 62 8
789 826 12
623 644 8
132 165 7
106 191 10
566 593 9
703 722 9
928 981 9
880 966 7
160 198 11
922 954 11
499 577 7
422 518 7
706 751 7
938 955 9
565 579 10
702 802 11
731 824 7
996 1002 12
317 370 10
561 568 10
122 176 11
231 299 9
207 295 9
290 340 11
45 81 7
129 149 11
545 609 7
138 189 11
539 545 12
455 475 12
466 487 7
68 74 7
483 565 9
387 479 9
925 975 11
202 274 11
655 707 8
903 966 7
758 806 9
642 648 11
155 161 11
954 973 9
116 126 9
60 147 11
621 630 7
13 25 9
705 717 8
519 595 10
634 653 9
151 197 9
904 912 11
604 617 12
794 795 10
759 818 11
541 572 10
676 684 7
746 792 12
81 167 10
720 809 12
246 286 9
261 292 12
163 229 7
933 964 9
178 263 10
985 1075 10
44 47 8
922 963 7
578 642 10
682 695 11
969 1025 8
359 415 12
581 662 11
321 398 10
22 68 7
116 208 8
72 142 8
42 123 10
999 1036 7
994 1011 8
873 933 12
15 27 11
951 986 10
388 460 12
998 1001 9
911 958 9
248 278 12
507 594 9
487 553 10
371 425 8
104 145 8
202 272 12
675 693 9
592 665 10
132 216 7
323 362 10
118 197 8
562 659 7
468 476 11
348 382 8
70 147 12
343 357 8
345 413 12
499 560 11
470 568 12
436 446 8
14 32 9
57 96 10
896 950 10
291 380 7
715 791 11
975 1043 7
87 141 8
528 620 7
157 166 9
986 998 9
835 931 11
508 540 7
235 333 11
571 669 12
214 307 11
855 954 12
191 210 11
964 1018 9
124 184 10
387 416 11
246 294 10
829 904 9
242 247 9
391 475 11
92 107 9
356 436 12
101 138 7
60 103 12
969 1014 8
534 606 11
572 621 12
12 45 9
907 966 12
428 499 10
235 302 9
29 50 11
527 600 7
178 249 7
563 567 11
700 770 12
108 129 11
469 479 11
111 153 10
363 389 10
907 917 12
596 679 9
17 103 11
494 591 8
615 678 9
703 729 10
957 1036 11
983 1027 10
779 866 9
131 205 10
811 890 11
598 690 8
726 772 10
884 954 10
258 314 8
760 799 12
778 783 11
958 1046 7
102 121 10
920 1002 7
842 942 8
883 976 11
727 819 9
186 206 10
781 818 7
179 255 7
609 622 10
122 167 11
937 1019 9
422 451 7
466 531 10
736 815 10
746 760 12
291 304 8
450 478 11
110 112 9
36 97 11
152 165 7
718 793 12
753 829 7
850 892 10
516 604 12
360 405 9
181 258 7
160 242 11
590 607 9
458 463 8
592 632 8
763 823 11
332 342 10
993 1048 9
675 761 11
24 118 10
690 747 9
89 159 12
810 828 11
78 88 7
470 487 7
539 545 10
527 611 11
932 940 12
762 775 7
390 466 8
38 49 12
847 857 11
134 233 9
843 919 10
314 360 9
953 987 7
981 1054 7
652 668 10
381 415 7
986 1044 10
925 973 7
630 634 9
362 366 8
231 290 10
949 988 10
948 997 9
671 680 11
397 446 8
34 115 9
102 107 7
179 229 8
935 995 7
983 1067 9
760 796 11
42 125 9
560 602 7
718 736 12
743 782 8
285 357 10
93 178 11
48 75 11
954 993 12
580 584 10
893 933 9
546 617 9
167 169 7
422 470 7
404 421 11
730 791 7
207 305 8
409 438 7
902 943 11
294 367 11
972 974 9
74 149 8
445 515 8
283 336 10
155 172 11
342 399 10
391 424 12
873 960 8
205 272 8
77 121 7
93 124 9
106 161 12
258 289 8
138 159 10
553 597 9
879 979 9
417 471 10
104 166 10
628 633 8
709 727 11
917 918 12
385 408 7
264 350 12
396 480 10
223 280 9
512 567 7
42 84 12
258 275 8
420 480 12
793 872 11
874 895 7
663 756 11
931 938 12
82 162 12
339 431 11
913 933 7
888 936 8
63 68 10
327 355 7
213 221 9
364 369 10
865 884 12
327 392 8
135 224 9
440 480 10
144 234 10
558 623 7
612 708 12
151 228 10
521 525 12
459 470 7
647 739 11
955 1018 8
89 122 8
144 152 10
41 141 10
986 1072 7
809 834 9
729 778 9
360 410 11
436 489 11
703 764 12
776 869 10
365 376 8
537 624 12
825 887 11
947 1040 9
498 516 12
898 935 10
309 325 11
426 482 11
943 1042 10
437 491 9
536 582 11
677 699 9
968 1030 8
768 813 9
416 485 12
436 470 11
701 720 12
299 311 10
526 547 10
336 340 11
167 236 7
531 631 12
746 749 9
326 410 7
956 977 9
948 957 7
227 259 12
188 242 8
534 604 7
448 489 10
968 990 8
595 629 10
128 210 12
46 125 11
493 500 8
661 720 12
500 544 7
67 138 12
140 192 10
299 379 12
204 297 10
69 70 7
552 588 11
624 644 8
607 621 7
876 897 7
941 984 10
830 894 11
328 354 11
464 515 12
387 448 7
826 870 8
857 940 8
348 387 7
533 615 8
26 37 7
477 538 9
856 883 8
122 172 10
753 774 11
211 237 11
737 761 7
607 658 12
303 385 7
484 511 9
97 130 12
362 434 12
150 199 11
894 976 7
234 263 10
322 413 11
538 555 7
187 228 10
641 685 9
179 270 10
356 422 9
590 617 9
498 559 7
693 777 9
945 1019 11
888 961 7
581 612 11
969 1064 12
566 644 8
535 582 12
991 1021 9
205 273 11
644 669 10
338 352 12
202 287 7
783 809 10
855 881 8
399 416 9
363 423 9
602 695 9
288 381 12
785 849 11
251 313 12
192 223 9
339 399 8
124 141 9
987 1006 12
793 832 12
858 865 8
944 946 7
7 12 12
19 65 12
555 577 11
385 403 11
251 297 10
353 421 10
752 753 10
313 337 10
623 696 10
203 222 9
368 396 7
307 382 11
117 198 12
387 392 11
871 882 7
361 425 12
696 750 8
394 410 7
383 442 11
350 364 9
65 99 9
603 615 8
294 354 8
200 277 11
187 209 8
